=~=~=~=~=~=~=~=~=~=~=~= PuTTY log 2019.03.14 19:08:37 =~=~=~=~=~=~=~=~=~=~=~=
2704, 10.38
2699, 10.40
2694, 10.42
2690, 10.44
2685, 10.46
2681, 10.48
2688, 10.45
2684, 10.46
2680, 10.48
2675, 10.50
2671, 10.52
2669, 10.53
2665, 10.55
2662, 10.56
2659, 10.57
2656, 10.59
2653, 10.60
2651, 10.61
2648, 10.62
2646, 10.63
2643, 10.65
2641, 10.66
2639, 10.66
2637, 10.67
2635, 10.68
2632, 10.70
2630, 10.71
2628, 10.72
2625, 10.73
2622, 10.74
2621, 10.75
2618, 10.76
2616, 10.77
2613, 10.79
2610, 10.80
2607, 10.81
2604, 10.83
2599, 10.85
2595, 10.87
2590, 10.90
2586, 10.92
2581, 10.94
2576, 10.97
2571, 10.99
2565, 11.02
2558, 11.06
2554, 11.08
2548, 11.11
2541, 11.14
2535, 11.17
2529, 11.21
2523, 11.24
2516, 11.27
2508, 11.32
2501, 11.36
2494, 11.39
2473, 11.51
2466, 11.55
2456, 11.61
2448, 11.65
2439, 11.71
2429, 11.77
2418, 11.83
2409, 11.89
2398, 11.95
2388, 12.02
2376, 12.09
2365, 12.16
2354, 12.24
2342, 12.32
2330, 12.40
2318, 12.48
2306, 12.56
2294, 12.65
2281, 12.74
2268, 12.84
2254, 12.94
2241, 13.04
2228, 13.14
2215, 13.24
2200, 13.37
2186, 13.48
2173, 13.59
2160, 13.70
2148, 13.81
2134, 13.93
2121, 14.05
2108, 14.17
2094, 14.30
2081, 14.42
2069, 14.54
2056, 14.67
2044, 14.79
2032, 14.92
2019, 15.06
2006, 15.20
1993, 15.34
1982, 15.46
1970, 15.60
1959, 15.73
1948, 15.86
1936, 16.00
1925, 16.14
1913, 16.29
1902, 16.43
1890, 16.58
1880, 16.72
1868, 16.88
1859, 17.00
1849, 17.14
1838, 17.30
1827, 17.46
1818, 17.59
1807, 17.75
1799, 17.88
1789, 18.03
1780, 18.17
1772, 18.30
1763, 18.45
1754, 18.59
1745, 18.74
1736, 18.90
1727, 19.05
1718, 19.21
1710, 19.35
1703, 19.48
1695, 19.63
1687, 19.78
1678, 19.95
1670, 20.10
1662, 20.26
1654, 20.42
1645, 20.60
1638, 20.74
1629, 20.93
1622, 21.08
1614, 21.25
1606, 21.42
1599, 21.57
1592, 21.73
1584, 21.91
1578, 22.05
1570, 22.24
1563, 22.40
1556, 22.57
1549, 22.74
1542, 22.92
1535, 23.09
1527, 23.29
1521, 23.45
1513, 23.66
1506, 23.85
1500, 24.01
1493, 24.20
1486, 24.39
1480, 24.56
1474, 24.73
1468, 24.91
1461, 25.11
1455, 25.29
1448, 25.50
1443, 25.65
1437, 25.84
1432, 25.99
1425, 26.22
1420, 26.38
1414, 26.57
1407, 26.80
1401, 27.00
1395, 27.21
1390, 27.38
1385, 27.55
1379, 27.76
1373, 27.98
1368, 28.16
1362, 28.37
1357, 28.56
1351, 28.78
1346, 28.97
1341, 29.17
1337, 29.32
1332, 29.52
1328, 29.68
1322, 29.92
1318, 30.08
1313, 30.28
1308, 30.49
1303, 30.70
1298, 30.91
1294, 31.09
1289, 31.30
1283, 31.57
1279, 31.75
1275, 31.93
1270, 32.15
1267, 32.29
1262, 32.52
1258, 32.71
1254, 32.90
1250, 33.09
1246, 33.29
1242, 33.48
1237, 33.73
1234, 33.88
1230, 34.08
1226, 34.29
1223, 34.44
1219, 34.65
1215, 34.86
1212, 35.02
1209, 35.18
1205, 35.39
1201, 35.61
1197, 35.83
1194, 35.99
1191, 36.16
1188, 36.33
1185, 36.50
1182, 36.67
1179, 36.84
1176, 37.02
1172, 37.25
1169, 37.43
1167, 37.55
1164, 37.73
1161, 37.91
1158, 38.10
1155, 38.28
1152, 38.47
1149, 38.65
1146, 38.84
1144, 38.97
1140, 39.23
1138, 39.35
1135, 39.55
1132, 39.75
1129, 39.94
1127, 40.08
1124, 40.28
1122, 40.41
1120, 40.55
1117, 40.75
1114, 40.96
1112, 41.10
1109, 41.31
1107, 41.45
1105, 41.59
1103, 41.73
1101, 41.88
1099, 42.02
1097, 42.16
1094, 42.38
1092, 42.53
1089, 42.75
1087, 42.90
1084, 43.13
1082, 43.28
1079, 43.51
1078, 43.58
1075, 43.81
1072, 44.05
1070, 44.20
1068, 44.36
1066, 44.52
1064, 44.68
1062, 44.84
1060, 45.00
1058, 45.16
1057, 45.24
1055, 45.41
1053, 45.57
1051, 45.74
1050, 45.82
1047, 46.07
1046, 46.16
1045, 46.24
1043, 46.41
1041, 46.58
1039, 46.75
1037, 46.93
1035, 47.10
1033, 47.27
1031, 47.45
1029, 47.63
1027, 47.81
1026, 47.89
1025, 47.98
1024, 48.07
1022, 48.26
1020, 48.44
1019, 48.53
1017, 48.71
1016, 48.80
1013, 49.08
1011, 49.27
1010, 49.36
1007, 49.65
1005, 49.84
1004, 49.93
1001, 50.22
999, 50.42
997, 50.61
997, 50.61
995, 50.81
994, 50.91
993, 51.01
992, 51.11
990, 51.31
989, 51.41
987, 51.61
987, 51.61
986, 51.71
985, 51.81
983, 52.02
981, 52.22
980, 52.33
979, 52.43
977, 52.64
976, 52.74
974, 52.95
973, 53.06
972, 53.16
970, 53.38
969, 53.48
968, 53.59
965, 53.92
964, 54.02
961, 54.35
960, 54.46
960, 54.46
960, 54.46
959, 54.57
958, 54.68
956, 54.91
955, 55.02
953, 55.25
951, 55.47
950, 55.59
949, 55.70
947, 55.93
946, 56.05
946, 56.05
945, 56.16
945, 56.16
944, 56.28
943, 56.39
943, 56.39
943, 56.39
942, 56.51
942, 56.51
941, 56.63
941, 56.63
939, 56.86
940, 56.75
940, 56.75
940, 56.75
939, 56.86
939, 56.86
939, 56.86
938, 56.98
938, 56.98
937, 57.10
936, 57.22
936, 57.22
937, 57.10
937, 57.10
936, 57.22
937, 57.10
937, 57.10
938, 56.98
938, 56.98
938, 56.98
939, 56.86
940, 56.75
940, 56.75
941, 56.63
942, 56.51
944, 56.28
944, 56.28
944, 56.28
944, 56.28
945, 56.16
947, 55.93
948, 55.81
950, 55.59
951, 55.47
952, 55.36
953, 55.25
955, 55.02
956, 54.91
958, 54.68
959, 54.57
960, 54.46
961, 54.35
963, 54.13
966, 53.81
967, 53.70
969, 53.48
970, 53.38
972, 53.16
974, 52.95
976, 52.74
978, 52.53
979, 52.43
981, 52.22
983, 52.02
986, 51.71
988, 51.51
990, 51.31
993, 51.01
995, 50.81
998, 50.51
1000, 50.32
1003, 50.03
1004, 49.93
1007, 49.65
1009, 49.46
1011, 49.27
1014, 48.99
1016, 48.80
1018, 48.62
1021, 48.35
1025, 47.98
1029, 47.63
1032, 47.36
1036, 47.01
1039, 46.75
1042, 46.50
1045, 46.24
1050, 45.82
1053, 45.57
1057, 45.24
1061, 44.92
1064, 44.68
1068, 44.36
1072, 44.05
1077, 43.66
1081, 43.35
1084, 43.13
1089, 42.75
1093, 42.46
1097, 42.16
1101, 41.88
1105, 41.59
1109, 41.31
1113, 41.03
1117, 40.75
1121, 40.48
1125, 40.21
1130, 39.88
1133, 39.68
1138, 39.35
1142, 39.10
1148, 38.72
1152, 38.47
1157, 38.16
1162, 37.85
1166, 37.61
1171, 37.31
1176, 37.02
1182, 36.67
1187, 36.39
1192, 36.11
1197, 35.83
1203, 35.50
1209, 35.18
1215, 34.86
1220, 34.60
1226, 34.29
1232, 33.98
1237, 33.73
1243, 33.43
1247, 33.24
1253, 32.95
1258, 32.71
1263, 32.48
1268, 32.25
1274, 31.97
1280, 31.70
1285, 31.48
1291, 31.22
1297, 30.96
1303, 30.70
1309, 30.45
1315, 30.20
1321, 29.96
1326, 29.76
1333, 29.48
1340, 29.20
1347, 28.94
1354, 28.67
1361, 28.41
1368, 28.16
1375, 27.90
1382, 27.66
1389, 27.41
1397, 27.14
1405, 26.87
1412, 26.64
1420, 26.38
1427, 26.15
1435, 25.90
1444, 25.62
1451, 25.41
1459, 25.17
1466, 24.96
1474, 24.73
1483, 24.48
1491, 24.25
1499, 24.03
1508, 23.79
1517, 23.55
1526, 23.32
1534, 23.12
1543, 22.89
1552, 22.67
1561, 22.45
1571, 22.21
1580, 22.00
1590, 21.78
1600, 21.55
1611, 21.31
1622, 21.08
1632, 20.86
1643, 20.64
1653, 20.44
1665, 20.20
1676, 19.99
1687, 19.78
1699, 19.55
1711, 19.34
1722, 19.14
1734, 18.93
1746, 18.73
1758, 18.53
1769, 18.35
1780, 18.17
1793, 17.97
1805, 17.78
1816, 17.62
1828, 17.44
1840, 17.27
1852, 17.10
1865, 16.92
1877, 16.76
1890, 16.58
1902, 16.43
1916, 16.25
1929, 16.09
1942, 15.93
1955, 15.77
1970, 15.60
1983, 15.45
1998, 15.28
2013, 15.12
2029, 14.95
2043, 14.80
2058, 14.65
2073, 14.50
2089, 14.35
2103, 14.21
2118, 14.07
2133, 13.94
2149, 13.80
2163, 13.67
2178, 13.55
2193, 13.42
2208, 13.30
2224, 13.17
2239, 13.06
2254, 12.94
2270, 12.82
2284, 12.72
2299, 12.61
2315, 12.50
2330, 12.40
2345, 12.30
2360, 12.20
2375, 12.10
2389, 12.01
2404, 11.92
2418, 11.83
2433, 11.74
2448, 11.65
2463, 11.57
2478, 11.48
2494, 11.39
2509, 11.31
2523, 11.24
2538, 11.16
2554, 11.08
2569, 11.00
2584, 10.93
2598, 10.86
2612, 10.79
2626, 10.72
2640, 10.66
2654, 10.60
2667, 10.54
2682, 10.47
2695, 10.42
2707, 10.36
2719, 10.31
2731, 10.26
2742, 10.22
2754, 10.17
2766, 10.12
2778, 10.07
2789, 10.03
2800, 9.99
2812, 9.94
2822, 9.91
2832, 9.87
2841, 9.84
2851, 9.80
2860, 9.77
2870, 9.73
2878, 9.70
2885, 9.68
2893, 9.65
2900, 9.63
2906, 9.61
2913, 9.58
2920, 9.56
2925, 9.54
2931, 9.52
2937, 9.50
2943, 9.48
2949, 9.46
2956, 9.44
2961, 9.43
2966, 9.41
2971, 9.39
2976, 9.38
2979, 9.37
2983, 9.36
2987, 9.34
2989, 9.34
2992, 9.33
2995, 9.32
2996, 9.32
2998, 9.31
2999, 9.31
3001, 9.30
3003, 9.29
3003, 9.29
3004, 9.29
3005, 9.29
3006, 9.29
3006, 9.29
3006, 9.29
3006, 9.29
3006, 9.29
3007, 9.28
3006, 9.29
3007, 9.28
3006, 9.29
3005, 9.29
3005, 9.29
3005, 9.29
3004, 9.29
3003, 9.29
3004, 9.29
3004, 9.29
3005, 9.29
3005, 9.29
3004, 9.29
3004, 9.29
3003, 9.29
3004, 9.29
3004, 9.29
3003, 9.29
3003, 9.29
3002, 9.30
3002, 9.30
3001, 9.30
3001, 9.30
3000, 9.30
2999, 9.31
2996, 9.32
2995, 9.32
2993, 9.33
2991, 9.33
2990, 9.33
2989, 9.34
2988, 9.34
2986, 9.35
2985, 9.35
2985, 9.35
2984, 9.35
2985, 9.35
2984, 9.35
2986, 9.35
2985, 9.35
2984, 9.35
2984, 9.35
2983, 9.36
2981, 9.36
2980, 9.37
2978, 9.37
2977, 9.38
2975, 9.38
2973, 9.39
2971, 9.39
2969, 9.40
2968, 9.40
2966, 9.41
2963, 9.42
2961, 9.43
2958, 9.44
2957, 9.44
2955, 9.45
2953, 9.45
2951, 9.46
2948, 9.47
2946, 9.47
2944, 9.48
2943, 9.48
2943, 9.48
2940, 9.49
2939, 9.50
2939, 9.50
2937, 9.50
2937, 9.50
2936, 9.51
2934, 9.51
2932, 9.52
2931, 9.52
2930, 9.53
2931, 9.52
2928, 9.53
2928, 9.53
2927, 9.54
2926, 9.54
2925, 9.54
2925, 9.54
2923, 9.55
2922, 9.55
2920, 9.56
2918, 9.57
2916, 9.57
2916, 9.57
2913, 9.58
2912, 9.59
2912, 9.59
2910, 9.59
2911, 9.59
2911, 9.59
2910, 9.59
2909, 9.60
2910, 9.59
2909, 9.60
2910, 9.59
2910, 9.59
2909, 9.60
2908, 9.60
2907, 9.60
2906, 9.61
2907, 9.60
2906, 9.61
2905, 9.61
2904, 9.61
2903, 9.62
2902, 9.62
2902, 9.62
2902, 9.62
2901, 9.62
2901, 9.62
2900, 9.63
2900, 9.63
2899, 9.63
2899, 9.63
2899, 9.63
2898, 9.63
2899, 9.63
2900, 9.63
2900, 9.63
2900, 9.63
2900, 9.63
2900, 9.63
2901, 9.62
2902, 9.62
2903, 9.62
2903, 9.62
2905, 9.61
2905, 9.61
2906, 9.61
2907, 9.60
2908, 9.60
2909, 9.60
2912, 9.59
2912, 9.59
2913, 9.58
2914, 9.58
2914, 9.58
2915, 9.58
2914, 9.58
2915, 9.58
2916, 9.57
